2100
2100
2100
2100
2100
2100
4600
4600
4600
4600
4600
4600
4200
4200
4200
4200
4200
4200
4200
4200
4200
4200
4200
4200
4200
4200
4200
4200
4200
4200
4200
5300
5300
5300
5300
5300
5300
5300
5300
5300
5300
5300
5300
4700
4700
4700
6400
6400
6400
6400
4900
4900
4900
4900
4900
4900
6300
6300
6800
6800
6800
6800
6800
6800
6800
6800
6800
6800
6800
165700
166400
166400
167100
167800
168500
169200
4000
4000
4000
4000
4000
4000
4000
4000
6800
6800
6800
6800
6800
6800
6800
5300
5300
5300
5300
5300
5300
6200
6200
6200
6200
6200
6200
5300
5300
5300
5300
5300
5300
5300
5900
5900
5900
5900
5900
5900
5900
5900
5900
5900
5300
5900
5900
5900
5900
5900
5900
5900
5900
5900
5500
5500
5500
5500
5500
5500
5500
5500
5500
5500
5500
5500
5500
5500
5600
5600
5600
5600
5600
5600
5600
5900
5900
5900
5900
5900
5900
5900
5900
4000
4000
4000
4000
4000
4000
4700
4700
4700
5500
5500
5500
5500
5500
5500
5500
5500
0
0
0
0
0
0
0
0
0
0
6500
6500
6500
6500
6500
6500
6500
6500
6500
6500
300
300
300
300
300
300
300
300
2300
2300
2300
2300
2300
2300
2300
2700
2700
2700
2700
2700
2700
2700
2700
